-0.25077906 -0.65303909 -1
-0.49425387 -0.41643072 -1
-0.00730424 -0.41643072 -1
-1.10294091 -0.88964745 -1
-0.37251647 -0.41643072 -1
-0.49425387 -0.88964745 -1
-0.25077906 -0.17982236 -1
-1.95510276 -1.59947255 -1
-0.37251647 -0.88964745 -1
-1.22467832 -0.65303909 -1
-1.71162795 -1.59947255 -1
-0.8594661 -0.41643072 -1
-1.10294091 -1.59947255 -1
-0.25077906 -0.65303909 -1
-1.58989054 -0.88964745 -1
-0.61599128 -0.65303909 -1
-0.49425387 -0.41643072 -1
-0.9812035 -1.59947255 -1
-0.49425387 -0.41643072 -1
-1.22467832 -1.36286418 -1
-0.12904165 0.29339437 -1
-1.10294091 -0.88964745 -1
-0.00730424 -0.41643072 -1
-0.25077906 -1.12625582 -1
-0.73772869 -0.88964745 -1
-0.61599128 -0.65303909 -1
-0.12904165 -0.65303909 -1
0.11443316 0.05678601 -1
-0.49425387 -0.41643072 -1
-1.71162795 -1.59947255 -1
-1.34641572 -1.36286418 -1
-1.46815313 -1.59947255 -1
-1.22467832 -1.12625582 -1
0.23617057 -0.17982236 -1
-0.49425387 -0.41643072 -1
-0.49425387 -0.17982236 -1
-0.25077906 -0.41643072 -1
-0.61599128 -0.88964745 -1
-0.9812035 -0.88964745 -1
-1.10294091 -0.88964745 -1
-0.61599128 -1.12625582 -1
-0.37251647 -0.65303909 -1
-1.10294091 -1.12625582 -1
-1.95510276 -1.59947255 -1
-0.8594661 -0.88964745 -1
-0.8594661 -1.12625582 -1
-0.8594661 -0.88964745 -1
-0.73772869 -0.88964745 -1
-2.32031498 -1.36286418 -1
-0.9812035 -0.88964745 -1
1.33180724 1.94965293 1
0.23617057 0.53000274 1
1.21006983 1.00321947 1
0.84485761 0.29339437 1
1.08833242 1.23982783 1
2.06223168 1.00321947 1
-0.49425387 0.05678601 1
1.69701946 0.29339437 1
1.08833242 0.29339437 1
1.45354464 1.94965293 1
0.23617057 0.7666111 1
0.47964538 0.53000274 1
0.7231202 1.00321947 1
0.11443316 0.7666111 1
0.23617057 1.71304456 1
0.47964538 1.4764362 1
0.7231202 0.29339437 1
2.18396909 1.23982783 1
2.4274439 1.4764362 1
0.11443316 -0.41643072 1
0.96659501 1.4764362 1
-0.00730424 0.7666111 1
2.18396909 0.7666111 1
-0.00730424 0.29339437 1
0.96659501 1.00321947 1
1.33180724 0.29339437 1
-0.12904165 0.29339437 1
-0.00730424 0.29339437 1
0.84485761 1.00321947 1
1.08833242 -0.17982236 1
1.45354464 0.53000274 1
1.81875686 0.7666111 1
0.84485761 1.23982783 1
0.23617057 -0.41643072 1
0.84485761 -0.65303909 1
1.45354464 1.4764362 1
0.84485761 1.71304456 1
0.7231202 0.29339437 1
-0.12904165 0.29339437 1
0.60138279 1.00321947 1
0.84485761 1.71304456 1
0.23617057 1.4764362 1
0.23617057 0.53000274 1
1.21006983 1.4764362 1
0.96659501 1.94965293 1
0.35790798 1.4764362 1
0.11443316 0.53000274 1
0.35790798 0.7666111 1
0.60138279 1.4764362 1
0.23617057 0.29339437 1